1) [0, 4]
2) [2, 6]
3) [4, 6]
4) [0, 4[
5) [5, 6]
6) VIDE
7) VIDE
--------------------
[5, 6] est vide ? --> faux
VIDE est vide ? --> vrai
VIDE est vide ? --> vrai
--------------------
[0, 4] contient 0 ? --> vrai
[0, 4] contient 2 ? --> vrai
[0, 4] contient 4 ? --> vrai
[0, 4[ contient 4 ? --> faux
VIDE contient 1e-12 ? --> faux
VIDE contient 5e-12 ? --> faux
--------------------
Peut-on joindre [0, 4] et [2, 6] ? --> vrai
Peut-on joindre [4, 6] et [0, 4[ ? --> vrai
Peut-on joindre [0, 4] et [5, 6] ? --> faux
--------------------
La fusion de [0, 4] et [2, 6] donne [0, 6]
La fusion de [4, 6] et [0, 4[ donne [0, 6]
La fusion de [0, 4[ et VIDE donne [0, 4[
--------------------
[0, 11][8, 9][-5, -3][10, 15][0, 11][5, 7][-5, -3][10, 15][0, 15][5, 7][8, 9][-5, -3][0, 15][1, 11][-5, -3][10, 15][0, 15][1, 15][8, 9][-5, -3][0, 15][1, 15][1, 15][-5, -3][0, 15][1, 15][-5, -3][1, 15][0, 15][1, 15][-5, -3][1, 15][0, 15][1, 15][1, 15][-5, -3][0, 15][1, 15][-5, -3][1, 15][0, 15][1, 15][1, 15][-5, -3][0, 15][1, 15][1, 15][-5, -3][0, 15][1, 15][-6, -3][1, 15][0, 15][1, 15][-6, -3][1, 15][0, 15][1, 15][1, 15][-6, -3][0, 15][1, 15][-6, -3][1, 15][0, 15][1, 15][1, 15][-6, -3][0, 15][1, 15][1, 15][-6, -3][0, 15][1, 15][-6, -2][1, 15][100, 150][0, 15][1, 15][-6, -2][1, 15][100, 150][0, 15][1, 15][1, 15][-6, -2][100, 150][0, 15][1, 15][-6, -2][1, 15][100, 150][0, 15][1, 15][1, 15][-6, -2][100, 150][0, 15][1, 15][1, 15][-6, -2][100, 150][0, 15][1, 15][-6, -2][1, 15][100, 150][0, 15][1, 15][-6, -2][1, 15][100, 150][0, 15][1, 15][1, 15][-6, -2][100, 150][0, 15][1, 15][-6, -2][1, 15][100, 150][0, 15][1, 15][1, 15][-6, -2][100, 150][0, 15][1, 15][1, 15][-6, -2][100, 150][0, 15][1, 15][-6, -2][1, 15][100, 150][200, 300][0, 15][1, 15][-6, -2][1, 15][100, 150][200, 300][0, 15][1, 15][1, 15][-6, -2][100, 150][200, 300][0, 15][1, 15][-6, -2][1, 15][100, 150][200, 300][0, 15][1, 15][1, 15][-6, -2][100, 150][200, 300][0, 15][1, 15][1, 15][-6, -2][100, 150][200, 300][0, 15][1, 15][-6, -2][1, 15][100, 150][200, 300][0, 15][1, 15][-6, -2][1, 15][100, 150][200, 300][0, 15][1, 15][1, 15][-6, -2][100, 150][200, 300][0, 15][1, 15][-6, -2][1, 15][100, 150][200, 300][0, 15][1, 15][1, 15][-6, -2][100, 150][200, 300][0, 15][1, 15][1, 15][-6, -2][100, 150][200, 300][0, 15][1, 15][1, 15][-6, -2][1, 15][100, 300]Réunion d'intervalles 1 : [0, 15] U [1, 15] U [1, 15] U [-6, -2] U [1, 15] U [100, 300] U [140, 300]
Réunion d'intervalles 2 : [0, 3[ U ]3, 4[ U ]4, 5[
Fin.
